111 1111111.1111111111111111111111111111111111111-111111111111 111

1111 1111111 11111 11 11111111 1111 11111111, 1111 111114. 11111. 111 1111 11111111 111 1111111111 111111111111111111
11111 Somou 1111111111 111111. 1111 1111 mog 1111 1111111111 11 6111111111 111111 111 11 1111111111 11111111
11 1111111111,11111111111611111111111 11 1111. 1. 111111 11111111· 111 subsequam 11111111111111111111
1¹· 141 sqq. o mo 1111111111) articulorum, ui vulgo Totgovienm appellatus.

Aliquot post 1111111 Ge. Gottl. ebor, illud 1111111111 iam o 1111111111 L 1. 11111111111111111111
18111. 11111. 111 1111111111. 111111. Ρ. 1.(111111 o. 1783.) p. 16-19. idem proposuit 11111111ὴί11 ,11 11111111 111
1111111811 1111111111 1111111, 111 111 1111111111 111611111111111 1111111 1111 11111111 111111, 1111111 11111
1111111111 1111·11111111111111 11111111
1¹¹ 61111111111111111111 111 11111111111111111, 11111111 11 111 11111111 11111111111111 1111111111 111 1111111111
1111111111, 111 6111111 011111 1530. 111 111111 1111111111, 111 1111111 11111111 otoo, 111 11 111 11111111 6111111111·
1111 11111111 1111111 1111 1111111, 1111111111 111111 61111 1111 111111 1111111111 11111111. 61 11111111 111111, 111 111 111111
11111 311111 111 611111 111111111111111, 1. 1. 111111 111111111111111111111111 1530. 1111111111111 11 1111111111
1111111, 31111, 1111111111 1111 11111111111111111, olle 11111111 11111111, 11111 1111011111 11111 11111 111 um

1111111111,111111111111111 1111 1111111111 111 cio 1111111111 111 1111111, 11111 1111 111111 111 611111101111111 111111 .

111 1111111111, 111 11111 111 11111 1111111, 111 mon 111 11111111 111 1111111111 1111111111 1111111111 1111111111, 11
1111 11111111 1111111, 11111 1111 1111111111 1111 1111. 1111111111 111 11111 11111, 1111 11111 1111111111, 1111111111 1111111111
111 11111. 11111 1111 11101111111111φ111 11111111111111111111111, 111 111 1111111111111111 1111111111 1111111
111111 111 1111151111 6111111ῶ1111111 11111111, 11 111111 111 1111 1519 11111111 11111111, 111 1111111 1111111111. 11 1111 11
111111 111111 111 1 111111. 1111

1)111 111111 11111111111111111111111111 11111111 111111111111111. 1111 1111111111 1111111111111111111111111
11111 11111111 11111111, 11111 111 11111111 1111 11 11111111111111111 1111111111 1111 1111111 1111111 6111111 ’
1111111111 11111111 111 111 1111111 111111111ιί1 1111111111, 11 111 111 1111111111 13111111 1111 1111 11111111 1111111111
11111111111111111111111111- · ·.

2) 11111111 111111 11 1111111 111 111101111111111111111111111 111 11111111 111111, 111 11111111 1111 111 1111111111
11111111 ooo 1111111111 11111111 1111. 111 111111 1111111111 1111111 1111111111, 1111 11111 (11011111 111
’1111111 1111111111 111111, 111 1111111 11111 1111111, 1111 111 111111. 1111 11011 1111111111 111 1111111111
11111111 111 611111111111111 1111111111111111111 1111111 111111 1111111111 1111 11 1111 111111 -

1) 11 1111 1111111111 111111 io 11111 1111111111. 1. 1111111111, 1111111111 11111 311111111111111111, 1110.
111111111111111111, 111 111111111111111111111111, 1111111111111111111 11111111, 1111 111 11, 1111111 ”

. .. 11111 11111111 1111111111 1111111111, 111 1111111111111111111111118111, 111 1111111111111111111111
1111111 11111111, 11111 11 eine 111111 11111 111111 1111 ·) 1111 111111111111111 1111111 1111 11111111111111
11111111 11111111, 11 1111111111111111111111111111111111 1111111111. 111 11111111 611111111111 .
11111111 11111111, 111 111111 111 3111111111, 1511111 11111111, 11111 1111 1111 1111111111 11111111 Μ
- 111111 11111111“) 11111111111111111111111111 -

4) 1111 1111111111 111 11111111 11111111, 11111111 0111111 111 1111 111 111111 1111111111 11111111111111 111
1111111111, 111111 11111 111 (1111111111. 01111111 11111111 111111, 1111111 11111111 11111 111 1111111111 111 ‘nugo
1111111111. 1111111111· 1111111111 11111111 611111111111 1111111111, 11111 mon 111 11111111ῐί11, 11111
111 1111111 1111111111, 1111111111 1111111111, 11111 11111111 1111 1111 1111111111111111111, 1111 1111 111 1111111111

, 111 11111111111111111111,11111111111111 111111. -·

311 1111111111111181111, 111111 1111111 111 1111111111 1111111111, 111 11111 1111111111 1111111111 1111 11 1111111·
11111111 11111111 1111111111 111111, 1111 11111111111111111111 111111 111 1111111111111111111111 1111111111, flung
1111 111111 1111111 1111 11111, 111 111 1111111611111111111111111111. 11111 1111111111 »oo 11111111 1111111111111 “
11111611111111111111 1111111111 111111, 11111 11111 1111611111 11 111 1111111111 1111111 11 111111111111111111111
1111111111111111 11111111 11111, 111 1111 111 1111111111 1111111111 111 11111111111111, 11111 1111111111 1111 1111111111
’1111111111 1111 111 1111 1111111111. 1111 111 1111111111111111 1111111111-1111111111, 111 111 1111111 11111 11111

’ 11111111111111111 111, 111111111111111,1111111111111 1111 6111111111111 11111 11111111 ’11111111 111-11111111. 1111 ”

1111111111 111111 11111111 111111 11111 1111111111 111111, 111 otoo 1111 111 ὓ1111111111111ι 111 11111111111111 11111111,

Μ 111 1111111111111111 1111111111. 1111111111 1111111 1111111111 1111 11111, 1111 11111. timi 11111111. So 1111
, W Μ mma* 111 1111111111 1530111111 1111118111 111111111111111.’ Μ - - ,

’1 1111111111 111 1111111111 tomorum 1111111111 1111111111111111 111 1. 1111111111 L ono-m·

η ww& om o ueonoon 1111111111 orooro o oo nom 11111 mo o ooo. 111111. stent 11111Ιό

*1 nnec 1111111111111 11111111111111111111111 omos mst- hnmmm: 111111 .
u·

 

