m 111111111111111.11111,111111111111101111111111111111111111. 1⁷'s

’ 11111111111111111111111 111,111111>1111111111,11111111111111 1111111111, 11 bod) 11111 111 1111111) 111111 ,
1111111111111111111111111111111111111111111 1111 1111111 1111 1111111111 111111, 1111111 111111 tie
1111 111111 cin 111111, 111 1111 111111 111111 1111111111, 11111 1111111111111111111111111111111111 111111, 111
11111111 1111 11 1111111111, 11111 11111 11111111111111111111, 11111111 111111111111111111111111) 111.
1111111111ὲῖἓὲ 1111111111[1111111111ῗὲ 111111111111111111111ῗέ1,11111111111111111
11111111 11111111 1111111111 5111111, 1111 1111111. bet 111111, Ι111 111111 1111111111, 1111111111) 11111 11111111,
(111111111111111111111111111111,11111111 [11111 1111 111 111111 [primu 11111111 1111 intelligit?
1111111 1111 111 111111 1111 111111 1111111, 111 1111 111111111111111111111111111
teil 111111 1111 11111 1111111 1111111111111111111111111 311111111111111111111 11111 in 1111 1111111, 111
111111· 1111111111 11 11111 11111 111111111111111111111,1111 111111111111 1111111111, 1111111111 111 6111111111 111
1111111 111111111111111 11111111), 1111111111111111 1111111,1111111111131111 1111111111 1111111. &unffi
111ῧ1111 111111111111131 11111 (1111111111111111111. 11111 111 111 [cunm 11113111 111 1111 11111111, 1111 ste
1111111 1111111 1111 111 6111111111 111111 11111111 michtam 11111111 111 sold) 11111111111111 groffen 11111
1111111111, 111111 11111111 111 111111111111 1111111111171111111111111111, 1111 111 111 1111113111
1111111· 1111111111, 111 1111111, fo 111111111111111111111, 111
1111111111 111 11111· 1111 111 11111 11111 1111111 1111111111111111·1,111161111111111111111111, habnt&
11111111 1111111 1111, 11 1111111 111, 111 111 11 1111111111 111 1111111 11111.
1111111111111111111111 1111111111111111111111111- men 111111 bie absolutio 111 11111111 fut 1111111111
1111111 out 1111111111, 111 11 1111111311 1111111111 1111111115 111111 11111 11111111111111111, 1111111111 [cb
111 111 11111111 1111111, 11 11111111 111 11 111, 111 1111111111, 11 11111 111 begeat, 111 [o
11111 1111111111 11111111111111111, 1111 fit 1111 1111111111 111111111111111 11111, 1111 1111 1116111111111

111111 111111 1111 1111 1111111111 11111111. 1111111111, 1111911111,1111111111111111111111111116.11111111, ’

11 1111131 1111ι 1111 11111, 111111 1111 ,1111 11111 111 111 111111 11111111 111111, 11 111 11111111
111111111111111111111· 11111 111111111111 111111 1111111) nemen. 111 1111 111111
1111111 11111 1111111 11111111 111111 11111111 11111111 vm 61111111111111111131111111 11111111, 1111111111
1111111111,1111111 111111 11111111 1111, 1111 11 su 6111111111111111 11111111.
1111111111 11111111 1111111111111· (11 ’11111111 1111111 1111 1111111111 hurd) 111111
11 1111111 111111ξ11111111111111111 111111 11111 1111111 1111111111 11111111 111 1111131 1111111111, 111 111
11111111, 1111 111 1111111 11111111, 11111111 11 11111 111111 11111, 11111111, 1115111111111111
11· 1· 1111111111 11111111111 1111 11111111 111 11111 1111111111111111111111111111, 111 1111111, 11111
11111111 1111111111 ,111 1111 1111111111 1111111111 1111 1111111111111111111, 111111111111131111111111 11
11111111 11111111111111111 1111111 1111111111, 1111 11111 gemm„ aad> 11111111 &fi qul guttam bis, 2
11111111111111111111111,11111111111111111,111 be muffet, ι ,
1111111 111111 111111 1111, 1111 311111 11.

111111 1111111111 11111 111111 1111111111, 1111111111

{P 1111111 1111 6111111111 111111 1111111, 1111111111 De Sutissblctivne,
111111 111111 111111 11111111) 111 11111111β1111111111111

ᾒ11111111111111111111, 1111 1111 1111111111, 111111 Qun bet bifdwffe Slttissbictio 11111
a ὦ we ἲ11111111 111111 1111 111 11111111 1111111111 welfum· ,

§Bon bet Quian, ‚ 1111111111111111111111111 1111111111 111131111111111,
1111 meruit 1111111111, 1111111 11111 1111111111 11111.

· 11111 1111111 111 111 1111111111, 1111111 1111 1111111 1111111111111111111111111111111111111111111111,1111
611111111111111, 1111111111111111111111111,1111 111 1111111111111111111131 111111, 1111 111111,1 ι
111111 11111111 611111111111111111,11 1111111111 1111111111, 1111111 1111111111 1111 111 1111111111·
1111111 1111 11111111 111111 1111 111 11 11111111 1111 91111111 1111111111, 11 11111111111111111 1111 11111
111“11111111111111111,11111111111111111, 1111111111 111,111111111111111111111111,1111111111) 11111
1111111 111, 11111111111111111, 1111111 1111111111111 1111111111 1111111111111111111111, 111111 ,111111 aueum&
111 11111111, 1111111 1111111 11111111111111, 111 ges 1111, 11 111 1111111111 31131111111111 1111111111.
1111111 1111111, 111111111111111111111 11111111 1111 Sum 1111111 11111 111 1111111111 11111) 1111111111·
111111. 3111111111, 1111111111 11111111, 1111111 1111 1111111111
11111 1111 111 leue 1111111111 11111111111111111 -
1111, 1111111,-1111111111111, 1111111 1111111 1111111111· “““”’“’ ,
111111, 111 111 111111, 1111 ein 1111 11111111 1111 111 111 1111111111

memmi.. un. 12

 

