II. CONFESSIO AUGUSTANA. 110

’ 01116111110111111, D. 6111111111-11111 1111 8111111111. 1118111111111111111111111111111.
111111 Confestim, 1111 1111111111 21111111, 11111111. 11111111, 2111111111 11111111 31111111111111111·

1118611121111111111. 1730. Ρ111111241111.11112111111111 1113111111 111 11111111111111. .

227 pagg. nint. 111 1111110111, subseqq. 2241111. 01111111111111111111111 11 111111. 21111111
111Η111 111 211111. 01111 extr. 24 pagg. Instruction 1111 0111111. 0111111111·31111ι811. 4⁰.

, 6. 0111111118111111

11111111 111111 &auge ffiollflfinbige 11111111 1111111111111111111111111 111111111111111111111, 111111· ’
11111111 6111111111, 111 1111111111 11111111111111111111111111111111111 11111111, 31 111 11111 1111
11111111, 1111 111111111111111 0111111, 1111 111111 11111 1555 11111111111111111111111111111 1111111111·
111, 1111 1111111111 1111111111 111111111111111111Ἠί111111 litteraria 111 1111111111 11111111111811

’ 1111111111 211, 11111 &Quen 11111, 111111 1730113111 111 25111 Sunii 1111111111111131111ι811111
,1111111111111 1111 11111111111111111111 1111111111. [111111] 1111, 1730. 31111111 11 111 8111111111111
1111111111. Cum imagine titulo praefixa. Prima 15 1111. non num„ 8561111. num. 11. 11111.
11111, 1733. cum 11111111 titulo 11111111 1111111 11 1111. non 1111, seqq. 12001111. 1111, 111.

321111.(111111)111111. III. w. 11111 1735. 111 imagine titulo praefixa. Ρ1111191111.111 ι

111.,1111. 1116 pagg. 1111.,111. 11 1111. (11(111)1ο1 num„ 40.

⁵1. 11111. (1111. Rotermundiz

0111111111 111111 1111 1111111111 11 ’11111111 11 31111 1530 11111111111 011111111111111111111 1111111111. .
1111111, 1111111 11111111118111111111111111111111 11111111111111111 11 11111111 111111111 11111111 111
1111111111 11111111. 1111 61111111 18111111 1111111111,11111111111111111 11111111. 11111111, 111
211111111111111111111111111111111111. 1821111111 11 488 pagg. 8⁰.

8. (111. 11111111

ι 0111111111 111 1111111111 11 1111111111, 11 3111111530, 111111 1111111111111111111111111111111111 111111
1111111111 311111. 111 18111111 11 1111111111 311111111111111111, 1111111 1111111,111111111111311111·
{1531 ..IffiIugImfflQw' 111311. 811111111111111. 1830. XII et p. 1-428. 11 21111111 Ν 111.

9. Maur. 1111111

6111111111 111 1111111111 11 11111111 1131111 1530111 1111111 111111111211111111, 1111111111 111
ffitiffitkffiwfgem),lg3oo 1111111 111111111 1111111111 11111. XIX 11513111111111 1111

10. 011111111111111111

0111111111 111 1111111111 31 1111111111 1131111 1510 1111111111 1111111111 1111111 1111111 111 11111111.
1111111 8111111111 111 r. 11118111111111, t 121111116111111111111111 1111111111111111 111 61. &a
, 111111 1111111111. 11111111111111111111111111. 1111111111, 1111111111111 11111111. 1830. XX 11 356

x1³⁸8&- ⁸⁰·
11. (Iu. 1111. 1111111111111

1111111111 11 111 0111111111 111 1111111111111111111111 31111 1530. 11111111Ο1111111111111111
111111111111 1111111111 11111111111111 111. 11111 811111 8111111111, 1. 21111111111611111111 11 111
1111111111ιῶ1111111111161111. 1 11111. 211 1111 11111111 111 1111111111 1111111111 111 11111111
1111111111 11111111111111 1111111111. 1111, 11111111111111111111 1111811111111111. 1833. XIV 11
560 pugg. 11ΧΙΙ 81118. 1111 111 1111111111 111 11111111111111 1111111111 111 11 111 6111111111 01111111
11111. 1815. ot 781111. ⁰. ·

'⁴ 1111111111 libris. 1111 nodo 11111111, addo 1111 breviores, 111 ad 11111 rom 1111111111

3. G. 1. 11111111 81111 1111 111 11111111 11 1111151111 111 11111 1530 111 1111111111 11111111 111·
1111111111 111 0111111111 1 1. 11. 11111, 111 611111. 1811111111. 1821. 55 pugg. 8⁰.

111. 011181111111111111111111111111 111111111111111111111111111111111 111 25. 3111 1550111111
11111 11111111 111111111111. 111. 1. 181111. 11111. 8111111, 1828. 111 111111. 111185111189. 2.

111111111111111141111. 8⁰.

 

