ms* - mmmmmmcmmmnm 111

. 111111 1111111111 n natrano 11 1111111 propatuto (11111111 huden 1. 18311111111011111.
Beerstemmua 1111111111111111 11 11111111 111 1111111111 1111111111 1111151111.. 1111111 1111-
‘mlum 11 1111111111 Iohanne 111 1111111111,111111,Βιιςειι1ιιςὶιιιιι 11 1111111111111 d, 14. uum 1111111111.
41-44.1111ωιι,140-4111111111111,111111 1111111111 ,1111 1111111 111111111111 1111111111 uuo·
, 1111111111, 111111111111111 111111 11111111 7¹¹ 1111111111· 11 1111111111 111 1111111111 11111111 111 1111111
, ’111 11 111111 11111111111111111111111111111111. 11111111111111111111111111111111111, 1111 11111

1111 11111111111111111 111111, 111 111 1111111111111 1111111111 gu 1111111 1111 1111111111 111 11111111111711
611111111111161111111111 1111111 1111 11111 1519 1111111111, 111111 1ι1ιι 1111 1111 111111 111 11111111 ⁴
111 11111111 11111111 1111111111. 11111 111111111111111111 11111 11111 1111111111 111111111111111 111 11111
01111111 11111 111111111111111111 1111111111 111111, ,1111111 111 11111111 111 11111111111111111 11 11111111·
· 1111 11111 1111 1111111111611111111 111 11111111 1111111111 3111111 1111111111 11111111 111 11111111, 111 111
1111111111 11 1111111111 1111 111 1111111 11611111111111111111111111 111111, 1111111111. 1111111111111111
1111111111111111111111111. 11 111 11111 111 11111 1119 111111 111111, 1111111 11 111 1111111111111111111·
11111111111111,111111111111111111111111111111111111111111,111111111111161111111ὓ1111111111

- 11111111111111111.1111111111111111111111111111111111111111111111111111111111111111111111111111111

1111111111111111111111.1111111111111111111.11111111111111111111111111111 11111111 111111
· 11111111111ᾜ1ιι 111111111111111111111111111111111111111111111111111111111111111111111

’1111111111111111111111111111111111111111111111311111111ι11111111111111,1111111111111111111
1111111111 111111111111111111111111111 1111111111 1111111 111111 1111111 111 111111111111111111,111

. 11111 111111.1111111111111111111111 1111111111 11111111 1111111. 1111 1111111111 11111111 1111 11111111 111111,

111111111111111111111111111 In 111 «1111111111111111 1768·)6. 447. 1111111111 111 1111111111111 1111111,

1111111111111111111111’1111111111111111111111111111111111111,11111111111111111.ὓ111111ιιιιι1111 ·

11111111 11111, 111111 11111. 111. 1111111 11 11111 1111. 1111111111 11111111. 1111111111 11111 Θ. 1877. 1111111
111. 11111111 111 1111 111111 11111 1111111 1111 11111111, 11111111 111 1111111111 11111.11111111111111111111111.111111
111,111111111111111ι111111 gu 1111111111 11111111, 111 1111111 1111 1. 1. D. 6. 11. 1111111111, 111 111111111
11111111111111111111111111111. 1111 111111 111 1111111111 111111111111111111, 111 11111111 1111 1111111111
1111 111 6111111111, 1111 111111111111111111111111111111111111111111111111111111. 11111111 11111111,
11111 111111 11 11111111 11111 111 1111111111 7¹⁸ 1111111111 11111 1111111111 111 1111111111111111111 1111111 1111111111

11 1111111111 7¹¹ 11111,)·· 111111111111111 1111 111111 11111·
nis argumentis, quae Ipsorum auctorum 111111 1111111111, 111111111111111, 111111ιὶ11111 1111111111σί11

1111111 111, ut vulgo 111111111111111111111113111111111,1111111111 1111111111 Foerstemunnu· 111
111111111Δ1111111711111111111111. 11 111. 37.111111111111.Ι.11111111ιι1ιι1Τ.Ι p.88-108. 11111Ν1.27.

primum 1111111111 inscriptos: ,1111 111 111111 11111111 1111111111 6111111111 11111111 11111111111111111111111,·
eisque p. 66-68. haecce prolegomena 111111ιί1111

1111111111 1111111 111 111111 11111111, 1111 11111111 1111ιῖ11, ,1111111 1111, 111 1111111111 11111111 111 6111111111
1111 111111111111111111111111,1111111111111111111111111111111111111111111111111 611111111111111111111
11111111111,11ι111 11111 111111 1111111ᾒ1111111111111111.1111111111111111111111111111111111111111111ῦ1111
111111111111111111111111111111111111111111111111111111111111111111111111111111161111111118111111
10. 11111, 111 111111ῃ1111. 11111 1111. 11111111 11111111 11111111 1111111111111 11111111Π111111, 111 1111 1111 11111111. 611
111111 1111111111 11 1111 111111 11111111 111111 1111111111, 11111 1111 1111 1111111111 11111 11111 1111111. 111 1111
1111111111 611111 111 ὅ 11111111111111111111111111111Ῠ1 111.11111ι11111,ι11 11111 111 1111111111 111 111 111111 111
111111 1111111 111111111111111111, 11111111111111111 1111. 1111111, 111 11111111111111111 111111 111·

‘7 111 111 1111111111 11. Ι. errore 111111 111111 11111.

··) u, 1111 1111111111111111.1111 11 111111111111.11111.1“1111 111111 1111111111 1111 11111111111111111
Augustae vlndeneorum 1111 1110..111111111111111111111111111 11111 111111111111111111111111111
1111111111 11111111111111111111111111111111111111111.11111.1111111111,11111ο 111111 1111111111 xv1- xxxn.
1111111111 111111111111111111 ..11111111111111 11111 refert: 11111111 ’1111111 1111ιε 11111111 1111111111. 111111
1·11.1111111.111..111.1111111111111111111111111 1111111111
1111111111, 11111 111 ῆι11111111111111, 1111111111111111111111ἱι1ιξ &affatuum afflet& αῦὲὠίιιιῶιῦώω
π111ο1111111ε,1111111ι 7737 rgtftnt‘ff‘gttjtffi 11111Ῑξα311ω1υῗ1ηιιᾳ11 11111111υ1811111ῗ3. 1111. 7¹⁸8· 3111 1111
1111111111’.11·1111111111111111111ζ
, haemuttmssgtmffiuu w :emh 11ς1111111ω1161118111ι 11111111. ‘W “effen «11,έέ ow: 11ψῖξῖῆὸ mu
11ἲῖ111111113υ1111111111111 1111111 111111111111111111 1111111 11111ωέ1111111111111111111111111

mmfflwmw Μ’ “ Μ· ⁸¹⁴ mmmm 111 11 11· 11111111 ιιι *tauns ιιι 11 ιιι -„

 

A

