PHJL MEL. SCRIPTA DOGMA'IICA ΕΤ SYMBOLICA. 112 ’

811111. 111111. 111111. 1111 1111111111 11111111111131111111111111 1111111111 611111111111111 11111111111111111. ·
111, 11111111111111111111111111111, 1111111111 11111 1111111111 111 11111 1111111111 11111111 611111111111.
11111111, 1829 1113. 3. 1111111 1111 1. 11111. VIII 11 314 pagg. 8⁰:

111. 11111111 011 1111111111111 (1111111111 111 111 0111111111 11111 1111111111. 91111111, 111 111111111111111
111111. 1829171 11128 pagg. 8⁰ min.

3. 111. 111111 11111111111111111111111111 11111 11111 1111111111, 111111 31111111 111 11111 1111111111. 31111,
1111. (1111111111 111111. 1829. VIII 11 801111. 8⁰. ·

11. w. 111111111111111111111 111111111111111111111111111 (111111111111111111111111111111 1111111111 111111
11111111118111111111111111111111111111111111111111. 1111111111111111611111. 1829. 111164
111· 8⁰· · -

III. 1111111. 111111 1111111111111111 1111111 111111111111111111111111111111111111. 111111 1111111 11111111,
111 111111111111111111111 1111111111. 8111111111,1829.11111111111611111111111811111. VIet 207 1111. 8⁰.

111. 3. (s. 111111; 311111111111111111 111 1111111111111 11111111111111111111111 111 111111ιῇ111111 111 1111 11111111·
111111 1111111111 111 25. 3111 1530. 11111111, 111 (1.3. 1111111111. 1830. 4011111. 8⁰.

1111111111. 1111111 911 1111111111 1111111 3111111111 111 1111111111111 11111111111111 1111111111, - 11111111

‚ 1111111111 111 1111111111 111 (1111111111 111111 (1111111830. 111 1. Θ. 3111111111. 1711111318111119.

01111. 11111. 81111 1111111111 111 11111111111111 (1111111111. 1111111111 11 3111 1113. 6. 61111111, 11111111· ·
11111111 111 1. 1. 11111111 1111111111. 1830. VIII 11211 pagg. 8⁰.

311. 1111111. 131111 1111 1111111111 111 11111111111111111111111·1111111111111111 213111 1530. 6111111.
1111, 11181. 811. 111111 1830. 1611111. 8⁰.

111111. 1111111. 91111111111 311111 1111111111 11 11111111111111 11111111111111 (1111111111. 11111111, 111
11111111111111111111111111111. 1830. 161 pagg. 8⁰. .

3. 11. 0111111111 1111 1111111111 11 1111111111 111 31111 1530. 11111 1111 01111111111111111111 111 1111·
1111111111 11111. 11111111. 311. 11. we. 1830. 1111111198111110.

Geotg 31111111111ε 3111111 11111111 111 1111111111 1111111111111 111 1111111111 1130 1111 111 1111111111·
111111 (1111111111. 1111111111.111111111111111ὓ1111111830. 1441111. 16⁰.

3. 3. 11. 1111111111 81111111 111 1111111 61111111111111111111111111111111111111 111111111111
(1111111111111111 3111111111 111 1111111111 1111 2131111111 1530. 1111111111, 1830. 11111111111111111111. “

. 194 pagg. 8⁰.

1111111 brevi comitiorum Augustanorum 11111111 elucet, 11011111111111Δ11111111111111111111111111-
’111111111111111111111111111111 non 11111111 hanc confessioneJn Ipsam [11111111111111111 0111111111. 1110. “
11111111Ἳὲιῖἶὶἰῖἵὲὲέ ’.11111311ἲῖ1Ἑίἓὲ 51111ῗὲ11111..ἷῶ “1“ἔὶ111ῗὲ1ἱ“1,”“1111ἳ“ {Z
qum Apologia 11111111ουί1 11111111 1111111111 hamo 11111111 scripta 111 deinceps proponemus.

 

