PHIL. MEL. scium DOGMATIGA ΕΤ smmum„

1111 vv) 111 111111 111111 nolam, 1111111111.111111111“1 111 1111111111 11111 111111 11 1111111 1111111 11111, 111

11111111 1111111111 (111, 11111 111 1111111111. 6111 11111 1111111
1111 1111111111 bl 1111111111, 1111 1111111 111 11111111, 1111111111 11111

111111 11111111 1111111111 111 1111111111 (1111111111 1111

11 (111111313111111111) 3111111111) 1111111111111111,·) dnn, 5³⁰¹st W 11 ὗῘῘῑηῘῙῙΦι ¹³⁰⁶ ¹⁰5? ¹¹¹st 1151111111 11110
111)111111111811111(]1113111)1111111111111,611111 1111 1111 11111111 1111111, 111 111111 111111 1111111111 111 111) m

- 11111111111111111) bi geminen 1111 3111111 3111111· ⁶) 1111111 11111 1111111111 11111111 111111.

mann 1111111111111) 111111 11111 11111111) 1111 1111 1111 1111
1111111111111111) 1111111111, 11111) (11 1111111111 111 6111 1)

111111 111111111111111111111 1111111111 1111 11111111

11111111 1) 11111111 11111 11111111,1) 61111111 (11 1111 (1111113111 [idm mestar ”ssfssfm “aa ssssffissstm ὓῑῖῐῐῐ, 1111 111 ⁸
1111111111 11111 11111 111) 1111111111611(11,1)111 111 1111111111 1111111111 1111111111, 11111 (111 6111111111

boa) 111111 11111110) verbatim 1111111111

11111 11111111111111111111111 1111111 11111 1111111

(11111, 1111111111 111111 11111111 111 11111 11111111 1111 1
11111111 111, 1111 11111111 111 1111111 1111111 111 111111
111,111 111111 1111111111,11111 (1111111111 111 11111

111 1111111, 1111111 1111 1111111· 11111 1111111111 11111 1111111111111111111111, 111 11111 1111111111, 11111111 111
11111 11111111, 1111113111111111111,91·)11111111(11111,111 (1111111111, aad) 1111111111 mun.

1111111111) 111 11111111111111 11111111111111111111111 ,

111 61111111111111 111111 11111 1111111111 11111, 11111

1111111111,1111111111 1111) 11111111 1111111111 (1111111
11(111111111111111,(111111 111111 11111 1111111111 11
11111, 111111 1111111111) 11111111 1111, 111 1111 111 111

. Μ

1111111111, 61 1111111 1111] 111111. 111. 1-11 1111111. 61
ἓιιξὲεὲξηῗιίῃ ba 1111111. 61 1111111111 (1. q. 111111, (1

“ xx) 1111 111111] N 111 111111 (111

yy) 1111)ιέ 1(1ᾧίι1ι11ι1ἳξι1ι3131111111]1111111. 1111. errore: 11111

1) 1111 1111] {aba 111. 1-1.; 111111 (11. 11. 1 ., 11
e. 11.) 111 1111. 1111, 11. 1. 111111. 1. 11111

n) 11111]1“1 Aug. Μ· .

1) 1111] 1111111. 11 1111. 1. 111)

e) 311] Ι)111(1.1]1111

d) 1113111111] Δ11.; (1111111, 111111. 111 1-4.: 1111111, 1.;

e) 1111111111] 111111. 111. 1—3.: 1111111111

1) 111111] 111111. 111. 1-4. 6.: 111 - Pro 1111111 (111111
(11111 11111111. 111. 1.; 61 (1111111111 (1.1. 61 (11111

1);ἳ1ῗ1)11] Non, Edltmnt. 4. 0.: 11111111, 1111, Ed.
111. 111 11111111, ’

h) 1111] Ed. 111. ba 1111

i) 11111111]1111.1 111

k) 11111111] 111 Δ11. deest.

1) 11111111] 11111111. 111. 1-6.111111.

11) 31111111 111

1) 1111 6111111] 111111, Moza 1111 61111111, cm, N on:
111111 61111111, 1111 1111111111, Ε1111. 111. 1-4. 6.:
111 1111111111, 1.; 1111111 (i. q. 111111)11111111111

ο) 1111111] Moza: (111111

1) 1111111] 1111111. 111. 1-6.1 1111111, 1111111.

11)111111111 111 (1111111111 1111111] ab 1111 verb-'s 1111111
Epilogus 111111 emmonis, 111· item 111 111111. Mel.
principe 11111111111 exhibant& 11111111 ob 1111111111 111

quoque 111 proponwdm 1111 primum 111111 1111111 Μ Mel.
· 11111, 111111111αό1, 11111 111 (1111111111 11 11111111·
ἓὲὲὲ w =l ‘geiflgfflfi ‚k ⁹0:1³²& zomnmz ίῒ
042) Bubulflenssm] Ed. nel. 11111. 11111111.1νν.1311111111111

[111 111111 retractato, 111 111. Mel. prino„

· 1111 1111111111 ssfld, 1111111 1111111111) 11])111, belm 11111 11911111. nuuc 1111111111 verba, 111111 11111111 cndleibusae ⁸

· 11111111111111,11111111111111111111111111111111111 fflffijfflss¹ffussssjssffiss fflmcsskseffqg‘ngfainffff ,

1111111111111111111111111111 Codicum 11 Editionun 111.

11111111· ·) ’

111 1111111 1111 111 11111) 1111111111) ·) 111

1111311 111 1111111) (111 11111 1111 1111 111111, 1111 mut

tmen, ⁰) 1111 1111111111 ⁰) 111 1111111. 1111111111) 111 1)
11111111) 1111111111) 1131111 11111111 1111111111 111 1111111

1) 11111111.) 111111111111111111 111 111, cum, 1111111..
N01·.,Nor‹11.,0n01d.2., 1111111. snt. 1-6., adduo-
tur 111111 111 ὓ11111.,1111., Wim. 2.

b) m Nor.. Nordl. (11 Δ11.)1(1111,Εάἰ11. 111. 1. 3. tt
111

c) 3111]611(1ᾱίιι 111. 1411111111, 1111111, 111 Mos.. M,
d) 1ιῖτῖ 111. 16188111. 111. 4. 1. dm.

1) 11111111111111 1111111111)

1) 111111111111] 111 111. 1.;11111111111111(1“. 1. 1111111111)

1) 111-11111111 111111,]111111.11111111111 11111111, Edit&
1111-4.6.111111111111111111)11 (111. 3. 111. m. 111
1111111111, Ed. 2. 11111111, 111 4. 6. 1111111111. 111. 111
1111111 1111111 11111111, (ι’. q. 1111111 111111 1111111111)

’1) 11] 1 Ed. 111. 1. 111.

1) 1111111] 1111111 61111( ,
k) 1111111111] Α11. calami 1111111 1111111)
l) 111] 111 1111. dm.
m) Q 11))11131] 1111.. 11111111. ι-1.1 111 111111 (111. 1
. 1

1) ζ)11ω11111)11111ἱ111,] Edita 111. 1-6.11111 (M 1. 4. 11111)
1 1 111

ο) 1111 1111111111] Aug„ Dreud„ 1111, 1111111 1111 ulfi
111111, 111111. 111. ι-1.1 1111 (11. 1. 1. 1111) 11111111
111111 (111. 1. 11111111111111. 1111111111)

p) 1111111] 11111111 11111, Δ11.1 1111111, 1111111. 111. 1-4.
11111111, 1.1 1111111 (1.1. 111111)

q) 1111111] Δ11.1 11111111, 1111111. 111. 1-42 mutiam

1)111111111111] Aug„ Ed. 111. 1111111116

ι) 111 11111111 11111. 111. 1-1.. 1111111111. 11111111

 

1111 1111 11))1] (1111111111 11111111, 1] 3111111111111111 111 ·
ξιῇἷῶᾟὲῗῖἔιῑ) 111 11111111 1111111) 61 111111 11111111, 1111)
111111ἔὶ11)111131111111“1“1..11.111“““111111.ῗὲ ’

