-011·

PHIL. MEL. SCRIPTA 11081111181111 SYMBOLIGA.

88881888, 818 50⁸⁷) 81818111 818 18111818 89) 1111 1888))81881811 (18818119) 88 8181 81118 88, 999) 8888 1188

8811118889) 811111, 818881 11199) 818 8188 8111111188
1181118199) 881 9111188 99) 188188, 91) 888 11188 1111 8181
fem 181111, 881 18811811 818 111811 81188 8118188899)
888 91) 11188 8111181 881, 99) 1188 111 8118888899) 888
- glauben& 88 88118881, 98) 888 18818199) 1881188

188). 999) 81181888 1881888. 9)

1118111818 9) 1118811811 8811111181 9) 8111888189) 1818
⁰¹³² 11181118111111118111811..119 11111
1111111), 1888 1811. 8881191) 88· 81811818, 99) 8181)) 888
888 1111188 (18, 99) 88118 818 11888 188 1881181, ¹³)
81) 818 (8111188881 888 (8, (1111. 818 88

88) (111118 1811888Ῑ11181. 1.: 81111881) 1111818 88818, 1188111.
(81 8888011818. 88 fut 818 (1181111. 818 8188111888,
1181.,1111, 11111. 6.· (1188111811 (1119, 6. 118) 1811118, 811111.
ἔ1ἑὶῃιὶ-ῗ188 (1118818, 1. 11811111 18811881 (111.
. 111

188) 118 (8888111188) Wim. 1.: 18 8888818811, 1111111. 1111. 1-«1.
111 818 818811811111888 [Ed. 4. 818188.)

’ 8818111111. 11 118, 81 1111111111 1-8. 111118.
81) 811 8188 8118811188 11188188]111111. 1.1 811 81888 1111818 888

18811,1181111.,11118.1 818 81881 8881))1118 811881, 1111111..

. ι1η1ι1ὧι1-1111818 81881 8888181118

88) 811 111881] 1111111188,, Meg„ 1188, 0118111. 8., Wim.
1., 8111111. 1111. 1-6.8 881 11118811

88) 1818811,]11181. 1118111111881188, 1111111881 88118818, Ed.
11111. 111 88 88188118, (ι’. q. 1) 8118118118)

81))811881118 888 8811 81188 18118888] 1191111. 1.1 888 0811
81188 888 881 11188888 18811811, cm, 11811.,1181., 0118111.
81 88) gott 81188 811888188811881188,’

88) 881] 11118. 118888

86) 881) 11111111. 81 8881 88881, (i. q. 881 888881)
87) 8188 111 8888888] 1191111. 1.1 8888888 18811)
98)(88111111111] Mo g. 8818811 errore: 0181111111

88) 8118188] Wim. 1.= 888 8118118

180) 8181111 811888] 11188, Wim. 1.,1111. 8111. 81 8818888888,
1181.,088111. 8., Ed. 8111. 81 8818 81818 (Ed. 88118111)

1) 1888881.) 8181111 81118888.

8)1>111“1118]Ε11118.1111. 1-1.1 881188 (Ed. 1. 8. 1188888)
8) 8818111811111111. 81 8111181, 1111 181. 81 8888111811881
4) 8181818118) Mog.= 8181181811, 1111111. 11111. 1-1.181)181888,
8) 1811 881 81811881 811 881) 1191111. 1.: 1811 88118 811 8181111181

8) 8888818] 88111118 Aug), 11111. 1. 1., 111111 111.
1-8.1 81181881 (1111. 8. 8811118811)

1))18111811 191111, 0118111. 88 Quo 111811 18111, Meg.. Nom
11188 1111111 vu 1.(1181.1811111),1181111. (et Aug.)‚ 1811111.
ut. 1-8.1818 11188 18181 (Ed. 1. 8. 18181, 8. 111181),

11118. 8881881888)

‚qm 8818188888 18811) 11111. 1.= 81181 88818181 (811
18

8111111 881111] 11111. 1.1 1188 88811 88188

m 111 1181188] Mon„ Onold. 8.1 811 111)11118,Η8111181.,
1111111111. 1-8.1 1110111 1. 811118) 118 118)1118(811.

1 a 1 - 1188, 1. - 811188)
*gv m} 1181111. (81 8118.) 8881

31ε191111,118 118811 [1181 (18] 111111. 1.1 811 1118 888 881

111 aaz«,

ῃ ἡὴ) Vin. 81011111 191.

88881811811188899) 8188818811, ¹⁷) 888 (118 18811818 ,

1111 1881 88888111 881, ¹⁸) 888 8811111811) 11118118 (111188
θηυθ3911111(1111188111,(819) 11181 &anet 81811118. 99) 888
1888110811 8888181 88)18881118118811,93) 81118 81818
811 94) 8118 81181 811118 181111, 8818188881) 88881818

ffl

11) adiget 811 (188181) 1111111. ant. 1-4. 8.: gement (1111. 8.
18) 111111 818 (181181 88 8181 81188 18,] 1111. 1111. 81 1888188811
111181 18 811 111888, (1. q. 11118 1111881181 88 8181131118)

16) 1111118 8188 (11881 8118118888] Wim. l.= 818 (1811 11118

17) gun 01)111ἑ11,] 0888Ε1111ἐ1., 08ὓ8111.. 8. , 1111)). 1.,1ξ11181.
ξυτῖε 11- 1188111118, 111111,ο 1111119181υ811ᾎ [1881ιῖ11111
m

18) 88811811, 0118111. 81 8881811181. l. 118111.
18) 88811118] Wim. 1.1 881811

1)118111118811.1118811111
8118888118 8818181811, 0) 388 881 111888 8111819) 888 18118111
1881 (8118118188) [ut 8) 8181111188 888 1811811) 81818111)
8111) 1118888 (11888 811118 881888 88888, 1881881818 lu 8811
(18 981188111111181111) ¹ 881111, l³) 888 (811818 9) 3118111118
188181111111811 11 11811). -

1)1888118111“8 8188 0118111. 8. 8))8181188881881818 wia
lectione 8118818181 codd. 81 1111111. out.

8) ἔτι) 111111. 1.1 8111), Ed. 1111. 81 8888, 181 Mox.

⁸ 8) 8118181118] Danda 8111118111,Ι Wim. 8.8 0111811881.
8111. δή 8118118811,

11)38888111888881888,]119118. 1.1 881 8188 18 881 1818
1888111881111881. 11188 811 1181188 188 18818, (1.8.
{n 111 11118111 811 1181111) 1811111111. pont 11111111 ’188111
scriptum 8811181111),)1881111111188 deindo 1111811 eut 1111811881.

8) (Ε81Ι116181Ῐ11ο)1ε8)111111. 1118. 1-8,1 1111818 (8111(1111. 8. (88181,

1) funii] 18 Wim. 1. 8. 118811. ·

ε) (111]18 Wim. 8. 118881.

h) mma] 111881118’1811)8111ὠοῇω’ Ed. 1111. 81 88188 881
1) 1111818118) 1811. ant. 111 1111118111)

k) mummi& 8811188) 1191111. 1.1 8881188818 8811111
1) 88118111111111.1.181[81

111) nien] 111 Wim. 1. 1118.

8) 1881111118] Ι)18111.1 8181111811

21) 18] in Aug„ 11111111.Ι 1111111. 1111. 1-0. dem.

88) &unct 81811111] 1188, 11811, Nox-dl.. Win. 1.,1111111
snt. 1-6.1 ἑ8111(1181·., 1111. 1881111, 81188.)
83181, 0118111. 8.1 (8111818118, ’

83) fut 0811 881881 8111181811 1888818] cm.. 1118811, 11111-
1131118191111111111111811180181
tgmebth 8818 (Ed. 4.e‚ 811881) 1818818011. 17³. 18

81) ffibwm] 1111. 111 ba 8818 1111 18818, (1. q. 81118 1111

 

