11 11111.1111111111111111111111111101111’ 11·

A 1111111111, 1111111111111 1111111111. 111111111111111111111111111111119111,11116111111ᾔ6111111,11111111111111
111111 111111 11111111 111 1111111 11111 1111111111, 11111 1111111 111 111111 1111 1111, 111111 111 11111111 1111, 1111111, 11111
1111111111, 1111111111 1111111111 11111111, *111 111 11111111 ¹) 111 1111111111 1111 1111111 11111111), 11111111 111, 1111111111
. 1111111111,1111111, 11111, 1111111111111111111, 1111111111111111111,1111111111111111111111111111111111111111,
’ 111 1111 11111 11 1111111111 11111 1111111, 111111111111111111111ᾗ 111111 11111111 111 11111111 1111 11 1111111, 111 111 1111111
111 1111111111111,111111111,1111111111111111111111111, 11 11 1111111 11111 1111111111 1111 1111111 (1111111111 11111
1111111 11111111, 11111 111 11111111 111 1111111111 1111111111111111111111111, 1111 1111111111, 1111111111ὶῴ11 11111111
. 1111111111. ² · ,
11111 1111111 1111111, 11111111 1111111111 1111111111 111 1111111111 1111 111 11111111 1111 11111 11111111, 111· ’
1111111111111, 111 111 1111 11 1111111 111 11111111 111 311111 1111 11111111 1111111111 111111111 1111111, 1111111111
Ι 111111 11 11111111111111111111 111 111111 1111111111, 111 11111111 111 111111 111, 11111111 111 1111111111 111111 111 111111·
, 11111 1111111, 1111111 1111111111, 11111 1111 11111111 11111 1111111111, 1111111111 1111111111111111111, 11111 1111111111
111111, 1111 111 11111111, 11 1111111111111111111111111. 111 11111 11111111 1111111111 1111111111, 11111 1111111 1111111111
1111111 111 11111 1111 1111111, 111 11111 1111111111 111111111111111111 111111 1111 11111111 11111, 1111111 11111111111111111, So
Ι 111111 111111 1111111 111, 11111 111111 111 11111 111111 111 1111111 1111 11111111 111111, 11111111111111 1111 1111111111111,
1111111111 tgub 11111111, 11111111 1111111111 11111111 11111111 111111 11 11111111 111111, 11111 111111 1111 1111111111,
1111111111 11 1111 1111111
11111 11111, 11 111 111111 1111111111 11111 1111111111111 11111 1111111111111111111 111111 111111, 11111 1111
111111 111 111111111111111111111111111 1111111, ’.111 111111 111 (111111111111111111111, 1111111111, 111 111 111111 11111111· ·
111 1111 und> 1111111111111111111111111) 111 1111111111, 111 11111 11111 111 11111, 11111 1111111 11111111 1111111, 11111
111111) 111111111111111 11111111 11111 11111111 111111 111111, 1) 111 6. 11111111 1111111111 111 111 1111111111 1111119) 1111111ι
1111111111, 1111111 1111111111,111111111111111111111), 1111 11111 111111 1111 1111 1111111 111111 ¹⁰) 1111111111, Da
1111111 1111 111 11111111 11111111 1111111 1111111 11111 111111 11111111 11111 11111111 1111111 1111111111) 111 11111111, 111 be·
1111111111) 1111 111111 1111111111,111111111111111111111111111111 1111111111 1111111, 111111 311111, 111111 11 611111,
11111111111111111111111111111111 1111111111, 1111111111 1111 1111111111, 1111111111111 1111111111, 11111111111111111111111 ¹ ’),
ι 111 111 [1111111111 111 11111 11111111 1111111111 11111111, 1111 111111111111111.,1>11 61111111111111111111111111111111
1111 1111111111 11111111 1111111 1111111111 111111) 1111111 &otte 1111111, 1111 1111111111 11 111 111 111 1111111 (11111111 1111
6. ,1. 11. 111. 1111111, 111 1111 111 1111, 1111111111 1111111 1111111 1111111111 11111111 111 11111111 111111111111111111111111,
11111111 1111 6. 11. 1111111 1111111111,111111 11111111 111111111111) 111111 111 111111111111111, 1111 111111111111

Ψ

1) 1111111111 1. q. 1111111111, antiphonia, (1111111111ιί canentes 1111111111 11111111 11 collectis respondent. cont 1111111111·
1111111 1111111111 xv. inscriptus: 1811 1111111111111 11 111 11111111.

1)11111,1111111111111111111 1111. ’1,14. usus 111, 1111111111 vociferatu 11111. 1111111111 matth. 111 &Minima
11111111 11. 1. 1. 11111 et 111111, qui 1111111111 explieat: 11111111 11111111 1111 11111111. “·

θ’ἓζῖ11131111’.ἐ111111“1ῗ“13111]11111111111111111113111ῑὶιέιῗῖιῖ1111Ὶ’“ἑ1ἐὲ.1111ῗῖ113111.ῗῖ ·
11 11111111 1111111 , ·

111111 11111111 1111111111 - 1111111111. 1511. 1111111 (1111111111 1111111111, 1111111111, 1111111111,
1) 11111111] 11. 1111. 111111 · ·

1) 11111] Ed. 15311. 11111111

’1) 1111111111. 1111111,

1) 1111 11161111111111 1111111111. 1119. 11111111111611111111111

11111 111111 1. 1111311. 151111111011111 fl· 111,

111) 11111111 1. o. 1111111.

11) 111 1111111111 1111 111111 11111111, - 11111111 1111111 11111119. 111 1111 111111111111511111111111111111111111,111
1111111111 11 61111111, 111111 111111111 111111 1111111111,

11) (mn 11- 1111111 11111 haee 11 11. 1111. omiss· 1111ι

1111111111 1111 1111111111 1111111, 1111111 sequuntur 11111 ad 1111111111 ὅ11111111111] Pro 1111 11 Ed. 1511911 11111111 1111111
’“““ 11113 111111111111113111ῗὲ1111111”11.ῗ“’1.’1““1111ῗ,· 1111· 111111111111111111111 ·
1111111111111 11 11111111 11. 11111 11111111 11111, 1111111111111111 1111111 11111111, δ 8. 11. 11111111, 11 11111111.
11 1111111111 11111, 1111 01111111 111111111111 1111111111111111,111111 1111111111 1111111111, 1111111 1111111 1111111111.
1111111111.111111111111111111113111111111311111111111311191111111111”ἑ1.11ἷ.111111
111111 1111111 11111111 111 8111111111 1111111111, 1111111, 111 11111111 111111111111, 1111111 1111111, 11111 &s 8. 0. 11111 1111

 

