⁰⁸1

61111 1111111 111111 1111111111 1111 111111 1111111
11111, 111111 111111 111 111111 11 11, 111 111 1111111111
1111111111 111111, 11111111 11
11111 11111111 111 1
111111 11111, 11111 111 1111 111 111111, 131111 1111111
111, 111 1111111111, 1111111 1111111, 11111 111 11111 1111
111 611111 11111 1111111 11111 1111111111, 1111111

11. Β. 001118810111111811111111

111111111111111 1111111 1111, 111111 1111111111 111
11111111 1111111 111111 111111111111111 11111 111 en
1111111 11 1111111111, 111 1111 1111111111 11 1111 11111,
11111111 1111111111111111 1111 1111111111 111 m
111, 91111111 w« 11111111111111, 111 111 6111111
111 111 . ’

11 11111 111 11 11111 111 1111111 111
11111 1111111111 11111111111111111 1111 ’1111111 11111111

111 11 111, 1111, 111 11 fin 11111 :testamur 1111111111. 111111 1111 11111 111111 1111111 maten,
11111 111111 1111111111 1111 1111 11111 111111, 11111111 911111 11111 111111 M> 11111 11111 11111111 1111 11111111 1111

111111 111 1111111111 61111111 11 11111, 111 11111
u 11111111 111 1111 11111111111111111111111111111,
11111 11111111 1111 11111, 111111 111 1111111111, 111111
1111111 111111 111, 111 1111111111 11 1111111111, 11111
111161111111111111, 111 1111 11111 (11111 11111
111111 111 111111111, 1111111111 111 11111 1111 11111111,
111, 1111111111, 1311111, 11111111 111, 11111 111 1111111
1111111111 111 111111111111111111 11 11111, &o 1111111
1111 1111111111 1111, 111 1111 11111111 1111111 1111 11111111
1111 111111 11111111, 111 111 11111111 1111111 , 111 111111
11111 1111 31111111 11111 1111111 11111111 1111111, 111 111
. 111 11111 111111 111111 111 1111111 111111 111 111111
ment, 1111111 111111 1111 111 111111111111111
’ 1111111111 1111, 111111 1111111111 1111 111 1111
11111111 111 6111111111 111111 1111111111 11111111
111111111111111111111 11111111 111 11111111 111111
111 1111, 1111111111 1111111111, 111 111111 111111,
111111 111 11111111, 1111111 1111 mamm 1111111111
11111 11111111, 1111111 11111111 111 1111111111, 11 1111
1111111111 1111 11.111’11ἓῗ’“1111.1111
111111111111 111111 11111111, 111 111111 (11111 111·
1111 111 1111111111 11111111 111111 um, 111
11,11111111111111111
1111111, 111 11 1111 11111 1111111111 11111111 111111

nn 111111, 11111111 11111111 1111111, 1111 1111111 1111
1111 1111111 111111, 1111 11111111 1111111 11111111 1111
11111 111 11111111 1111111 11111, 111 1111111 111

1 111111111111 1111111 11111, 11 1111 11 1111111
1111111111111111111 11111 1111111, 1111111 1111 1111
{agon ⁶3th 111111, 111 111111 1111 1111111111

1111 111

⁹ 11111 11111111 11111 11111111 1111111 1111111111
1111, 111 1111111 1111 11111 111111 111111, 111 11111 111111
111111 1111111 1111111111, 1111111 1111111 111111 111
11111111 11111 111111 1111111111, 111 111111111111 111

11111111111111111 1111111111 111111, 111 1111 1111111.

, 111111 11111 11111, 6111111 111111 111 11111111 1111111
111 1111111111 31111, 11111 1111111 1111111 1111 1111111,
Dum 1111 11111111 1111111111 111111 111111 1111111111
11111111, 111. 111 111 11 11111111 1111111, 11111 111111
1111111111111111111, 111 111 1111 1111111 1111
1111111111 11111111111111111111, eo ,1111 11 111111

1111111111 1111 1111111111 11111 1111111 11111111, 1111111
111111111111111111111 11 1111111111, 111 11111 11 111
1111111 111 111111 11111111 11111111, 111 1111111 111
11111 1111111111, 111 11111111111111111111 1111111111
11111111, 11111111 1111 1111111111 1111111111 111 111111

11111,111111111111111111111 111 111111 111 1111 11111111 ·

1111, 1111 111 111111111111111111 1111111111 11111 111,
1111111111111111 111111 1111111111 11111 etlam
1111111111111111 11. ’11 1111111311

1 1111111111 11111111111111, 11 11111111

111 (1111 ,11

1111111111 111111 1111111 1111111, 11111 1111111.

[eamn 1111 meent* m 11 audon ¹nemeta-

1111111111111111111111112111

quietibus 1111111, 1111111111, m 1. 1. α 011. 01111. 1.

proponam 1111 11111
tinam antiquiorum.

13111118111111111111111111·)

d 11111 111 1111111111 1111111111 111 3111111111 111 1111111111
1. 1.11111)11111111111111111111 11
1111 1111111111) 1111111111 1) 11111111 1111 11111 11111, 11111

a) Β11111 ΒίὶΦοίῙεπ 11111111] Ad 01111111 1111. mm
1111111111111111111·
811, 11111111 11 11 1ίᾷ 1111111 11111, m {um

1111111111111111111 11

11111111 mas& 1111111111 1ἕέ 1111111

30131111· 111 11111 11, 111111 11111111 111 1111111 111111

11 11111111] 111 ow mro: 1111111.

1) 11111111νῖὲή1ή111ἆ11ᾠ11 1111111111, Aug.. 1111111111.

1) 1131 mn 11111 1111111, 11111. 111 1. 11 111111 1.

·1) 111] Am 111 (1111111. 1111)
1)11111111111111111 11111. ‘a 1111111111
g) 1111111] nram: 111111 ·
h) 111111111111111. 111. 8. 1111 mm: 1111111116· , 5
41·

 

111111111111 01111111 d ndi· ·

